0.0
1.2558103905862674
2.506664671286085
3.747626291714492
4.973797743297096
6.180339887498948
7.362491053693558
8.515585831301454
9.635073482034306
10.716535899579933
11.755705045849464
12.748479794973793
13.690942118573773
14.579372548428232
15.410264855515784
16.18033988749895
16.886558510040302
17.526133600877273
18.096541049320393
18.595529717765025
19.02113032590307
19.37166322257262
19.645745014573773
19.842294026289558
19.960534568565432
20.0
19.960534568565432
19.842294026289554
19.645745014573773
19.371663222572625
19.021130325903073
18.595529717765025
18.09654104932039
17.52613360087727
16.8865585100403
16.18033988749895
15.410264855515784
14.579372548428228
13.690942118573776
12.748479794973797
11.755705045849465
10.716535899579933
9.635073482034311
8.515585831301458
7.362491053693563
6.18033988749895
4.973797743297096
3.7476262917144916
2.5066646712860905
1.2558103905862716
2.4492935982947065e-15
-1.255810390586267
-2.5066646712860856
-3.7476262917144956
-4.973797743297101
-6.180339887498954
-7.362491053693566
-8.515585831301454
-9.6350734820343
-10.71653589957993
-11.75570504584946
-12.748479794973793
-13.690942118573775
-14.579372548428227
-15.410264855515788
-16.180339887498945
-16.886558510040306
-17.526133600877273
-18.096541049320397
-18.59552971776503
-19.02113032590307
-19.371663222572618
-19.645745014573773
-19.842294026289554
-19.960534568565432
-20.0
-19.960534568565432
-19.842294026289558
-19.645745014573773
-19.37166322257262
-19.021130325903073
-18.595529717765025
-18.096541049320393
-17.526133600877266
-16.88655851004031
-16.180339887498953
-15.410264855515791
-14.579372548428232
-13.69094211857378
-12.748479794973793
-11.755705045849467
-10.716535899579927
-9.635073482034306
-8.515585831301443
-7.3624910536935575
-6.180339887498953
-4.973797743297107
-3.747626291714494
-2.506664671286093
-1.2558103905862652
-4.898587196589413e-15
1.2558103905862557
2.5066646712860834
3.747626291714484
4.973797743297098
6.180339887498944
7.362491053693564
8.51558583130145
9.635073482034313
10.716535899579933
11.75570504584947
12.748479794973797
13.690942118573785
14.579372548428235
15.410264855515784
16.180339887498956
16.886558510040295
17.526133600877262
18.096541049320386
18.59552971776502
19.02113032590307
19.371663222572618
19.645745014573773
19.842294026289554
19.960534568565432
20.0
19.960534568565432
19.842294026289558
19.645745014573773
19.37166322257262
19.021130325903073
18.595529717765032
18.096541049320386
17.526133600877266
16.886558510040302
16.180339887498953
15.410264855515772
14.57937254842822
13.690942118573767
12.748479794973795
11.755705045849467
10.716535899579945
9.635073482034324
8.515585831301479
7.362491053693559
6.180339887498956
4.973797743297109
3.747626291714514
2.506664671286078
1.2558103905862676
7.347880794884118e-15
-1.255810390586253
-2.5066646712860634
-3.747626291714499
-4.973797743297095
-6.180339887498941
-7.362491053693545
-8.515585831301465
-9.635073482034311
-10.716535899579931
-11.755705045849457
-12.748479794973811
-13.690942118573783
-14.579372548428235
-15.410264855515784
-16.180339887498945
-16.886558510040313
-17.52613360087726
-18.09654104932038
-18.595529717765025
-19.02113032590307
-19.371663222572618
-19.64574501457377
-19.842294026289558
-19.960534568565432
-20.0
-19.960534568565432
-19.842294026289558
-19.645745014573773
-19.371663222572625
-19.021130325903076
-18.595529717765032
-18.096541049320386
-17.52613360087727
-16.886558510040302
-16.180339887498953
-15.410264855515772
-14.579372548428221
-13.69094211857377
-12.748479794973795
-11.755705045849469
-10.716535899579915
-9.635073482034326
-8.51558583130148
-7.362491053693562
-6.180339887498958
-4.973797743297112
-3.747626291714516
-2.5066646712860803
-1.2558103905862703
-9.797174393178826e-15
1.255810390586286
2.5066646712860607
3.747626291714497
4.9737977432970935
6.180339887498905
7.362491053693542
8.515585831301431
9.635073482034308
10.716535899579899
11.755705045849453
12.748479794973782
13.690942118573782
14.579372548428209
15.410264855515782
16.180339887498942
16.88655851004031
17.52613360087726
18.096541049320393
18.595529717765025
19.02113032590308
19.371663222572618
19.645745014573777
19.842294026289558
19.960534568565432
20.0
19.960534568565432
19.842294026289558
19.645745014573773
19.371663222572625
19.021130325903066
18.595529717765036
18.0965410493204
17.52613360087727
16.886558510040324
16.180339887498956
15.410264855515797
14.579372548428225
13.690942118573798
12.748479794973797
11.75570504584947
10.716535899579917
9.63507348203433
8.51558583130145
7.362491053693564
6.180339887498926
4.973797743297114
3.7476262917144836
2.506664671286083
1.2558103905862372
1.2246467991473532e-14
-1.2558103905862836
-2.5066646712860585
-3.7476262917144942
-4.973797743297091
-6.18033988749897
-7.362491053693574
-8.515585831301397
-9.635073482034306
-10.71653589957993
-11.755705045849451
-12.748479794973779
-13.690942118573755
-14.579372548428207
-15.410264855515802
-16.18033988749892
-16.88655851004031
-17.526133600877277
-18.096541049320393
-18.595529717765025
-19.02113032590307
-19.371663222572618
-19.64574501457378
-19.842294026289554
-19.960534568565432
-20.0
-19.960534568565432
-19.842294026289554
-19.645745014573773
-19.371663222572625
-19.021130325903076
-18.595529717765036
-18.096541049320404
-17.52613360087729
-16.886558510040324
-16.180339887498935
-15.41026485551582
-14.579372548428225
-13.690942118573773
-12.7484797949738
-11.755705045849474
-10.71653589957995
-9.635073482034331
-8.51558583130142
-7.362491053693599
-6.180339887498928
-4.973797743297082
-3.747626291714486
-2.506664671286085
-1.255810390586275
-1.4695761589768237e-14
1.2558103905863165
2.5066646712860563
3.747626291714527
4.9737977432970535
6.180339887498968
7.362491053693572
8.51558583130146
9.635073482034304
10.716535899579927
11.75570504584945
12.748479794973777
13.690942118573751
14.579372548428204
15.410264855515802
16.180339887498917
16.88655851004031
17.526133600877273
18.09654104932039
18.595529717765025
19.021130325903066
19.371663222572618
19.64574501457378
19.84229402628955
19.960534568565432
20.0
19.960534568565432
19.842294026289554
19.645745014573773
19.371663222572625
19.021130325903076
18.595529717765036
18.096541049320372
17.52613360087729
16.886558510040327
16.18033988749894
15.410264855515823
14.579372548428227
13.690942118573775
12.748479794973802
11.755705045849476
10.716535899579952
9.635073482034333
8.515585831301424
7.362491053693602
6.180339887498931
4.973797743297085
3.747626291714488
2.506664671286088
1.2558103905862774
1.7145055188062946e-14
-1.255810390586314
-2.5066646712860536
-3.747626291714524
-4.973797743297052
-6.180339887498966
-7.362491053693569
-8.515585831301456
-9.635073482034302
-10.716535899579924
-11.75570504584945
-12.748479794973775
-13.69094211857375
-14.579372548428204
-15.4102648555158
-16.180339887498917
-16.88655851004031
-17.526133600877273
-18.09654104932039
-18.595529717765025
-19.021130325903066
-19.371663222572618
-19.64574501457378
-19.84229402628955
-19.960534568565432
-20.0
-19.960534568565432
-19.842294026289554
-19.645745014573773
-19.371663222572625
-19.021130325903076
-18.59552971776504
-18.096541049320372
-17.52613360087729
-16.886558510040327
-16.18033988749894
-15.410264855515823
-14.579372548428228
-13.690942118573776
-12.748479794973804
-11.755705045849478
-10.716535899579956
-9.635073482034336
-8.515585831301426
-7.362491053693604
-6.180339887498933
-4.973797743297087
-3.747626291714491
-2.50666467128609
-1.25581039058628
-1.9594348786357652e-14
1.2558103905862408
2.5066646712861216
3.747626291714522
4.973797743297049
6.180339887498896
7.362491053693567
8.515585831301454
9.6350734820343
10.716535899579922
11.755705045849389
12.748479794973829
13.690942118573748
14.579372548428202
15.410264855515754
16.18033988749896
16.886558510040306
17.526133600877273
18.096541049320358
18.59552971776505
19.021130325903066
19.371663222572614
19.64574501457377
19.842294026289558
19.960534568565432
20.0
19.960534568565436
19.842294026289547
19.645745014573773
19.371663222572625
19.021130325903076
18.59552971776501
18.096541049320376
17.52613360087729
16.886558510040327
16.18033988749894
15.41026485551578
14.579372548428232
13.69094211857378
12.748479794973859
11.755705045849423
10.716535899579958
9.635073482034336
8.515585831301491
7.36249105369354
6.180339887498936
4.973797743297089
3.747626291714563
2.506664671286022
1.2558103905862825
2.2043642384652358e-14
-1.2558103905862383
-2.50666467128612
-3.7476262917145196
-4.973797743297046
-6.180339887498894
-7.3624910536935655
-8.515585831301452
-9.635073482034299
-10.71653589957992
-11.755705045849503
-12.748479794973825
-13.690942118573746
-14.5793725484282
-15.410264855515752
-16.180339887498956
-16.886558510040302
-17.526133600877273
-18.096541049320358
-18.59552971776505
-19.021130325903066
-19.371663222572614
-19.645745014573766
-19.842294026289558
-19.960534568565432
-20.0
-19.960534568565436
-19.842294026289547
-19.645745014573773
-19.371663222572625
-19.02113032590308
-18.595529717765015
-18.096541049320376
-17.526133600877294
-16.88655851004033
-16.180339887498942
-15.41026485551578
-14.579372548428234
-13.690942118573782
-12.74847979497386
-11.755705045849425
-10.716535899579958
-9.635073482034338
-8.515585831301495
-7.3624910536935415
-6.180339887498938
-4.973797743297092
-3.7476262917145653
-2.5066646712860248
-1.255810390586285
-2.4492935982947064e-14
1.255810390586236
2.5066646712861167
3.747626291714517
4.973797743297045
6.180339887498891
7.362491053693563
8.51558583130145
9.635073482034297
10.716535899579917
11.755705045849501
12.74847979497377
13.690942118573798
14.579372548428198
15.410264855515706
16.180339887498995
16.886558510040302
17.526133600877237
18.096541049320386
18.595529717765046
19.021130325903066
19.371663222572632
19.645745014573766
19.842294026289558
19.96053456856543
20.0
19.960534568565436
19.842294026289558
19.645745014573762
19.371663222572625
19.0211303259031
18.59552971776504
18.09654104932038
17.526133600877294
16.88655851004029
16.1803398874989
15.410264855515782
14.579372548428282
13.690942118573783
12.748479794973864
11.755705045849485
10.716535899579899
9.635073482034342
8.51558583130156
7.3624910536934784
6.18033988749894
4.973797743297163
3.7476262917144982
2.506664671286027
1.2558103905862872
9.799650315725178e-14
-1.2558103905862337
-2.5066646712861145
-3.747626291714445
-4.973797743297111
-6.180339887498889
-7.36249105369356
-8.515585831301513
-9.635073482034294
-10.716535899579856
-11.75570504584944
-12.748479794973822
-13.690942118573744
-14.579372548428246
-15.410264855515749
-16.180339887498953
-16.886558510040263
-17.52613360087727
-18.096541049320354
-18.59552971776502
-19.021130325903084
-19.371663222572614
-19.64574501457375
-19.84229402628957
-19.960534568565432
-20.0
-19.960534568565432
-19.842294026289547
-19.645745014573777
-19.371663222572646
-19.02113032590308
-18.595529717765015
-18.096541049320408
-17.52613360087726
-16.88655851004033
-16.180339887498945
-15.410264855515738
-14.579372548428235
-13.690942118573837
-12.748479794973811
-11.75570504584943
-10.716535899579963
-9.635073482034281
-8.515585831301498
-7.362491053693546
-6.18033988749901
-4.973797743297096
-3.74762629171457
-2.5066646712860994
-1.2558103905862188
-2.9391523179536473e-14
1.2558103905861602
2.5066646712861824
3.7476262917145124
4.97379774329704
6.180339887498954
7.362491053693624
8.515585831301445
9.63507348203423
10.716535899579913
11.755705045849496
12.748479794973766
13.690942118573792
14.579372548428196
15.410264855515791
16.180339887498995
16.886558510040302
17.526133600877234
18.096541049320383
18.595529717765046
19.021130325903062
19.37166322257263
19.645745014573766
19.842294026289558
19.96053456856543
20.0
19.960534568565436
19.842294026289558
19.645745014573762
19.37166322257263
19.021130325903105
18.595529717765043
18.09654104932038
17.526133600877294
16.886558510040295
16.180339887498903
15.410264855515788
14.579372548428287
13.690942118573785
12.748479794973758
11.755705045849487
10.716535899579904
9.635073482034345
8.515585831301566
7.362491053693483
6.180339887498945
4.973797743297167
3.7476262917145027
2.506664671286032
1.255810390586292
-3.921345679817883e-14
-1.2558103905862286
-2.5066646712861096
-3.7476262917144405
-4.973797743297106
-6.180339887498885
-7.362491053693557
-8.515585831301507
-9.63507348203429
-10.716535899579851
-11.755705045849435
-12.74847979497382
-13.690942118573739
-14.579372548428243
-15.410264855515836
-16.180339887498953
-16.88655851004026
-17.526133600877266
-18.09654104932035
-18.595529717765018
-19.021130325903084
-19.371663222572614
-19.64574501457375
-19.84229402628957
-19.960534568565432
-20.0
-19.960534568565432
-19.842294026289547
-19.645745014573777
-19.371663222572646
-19.02113032590308
-18.595529717765015
-18.09654104932041
-17.526133600877262
-16.886558510040334
-16.180339887498945
-15.410264855515743
-14.579372548428239
-13.690942118573838
-12.748479794973814
-11.755705045849432
-10.716535899579966
-9.635073482034285
-8.515585831301504
-7.36249105369355
-6.180339887499015
-4.9737977432971014
-3.7476262917145746
-2.5066646712861047
-1.2558103905862237
-3.429011037612589e-14
1.2558103905861553
2.506664671286178
3.7476262917145076
4.973797743297035
6.180339887498949
7.36249105369362
8.515585831301442
9.635073482034226
10.71653589957991
11.755705045849492
12.748479794973761
13.69094211857379
14.579372548428191
15.41026485551579
16.18033988749899
16.886558510040295
17.52613360087723
18.096541049320383
18.595529717765046
19.02113032590306
19.37166322257263
19.645745014573762
19.842294026289558
19.96053456856543
20.0
19.960534568565436
19.842294026289558
19.645745014573762
19.37166322257263
19.021130325903105
18.595529717765046
18.096541049320383
17.526133600877298
16.886558510040295
16.180339887498906
15.41026485551579
14.579372548428289
13.69094211857379
12.748479794973761
11.755705045849492
10.71653589957991
9.63507348203435
8.51558583130157
7.362491053693487
6.180339887498949
4.9737977432971725
3.7476262917145076
2.5066646712860368
1.2558103905862972
1.0779367755043061e-13
-1.2558103905862237
-2.5066646712861047
-3.747626291714435
-4.9737977432971014
-6.180339887498879
-7.362491053693551
-8.515585831301504
-9.635073482034285
-10.716535899579846
-11.755705045849432
-12.748479794973814
-13.690942118573737
-14.579372548428239
-15.410264855515834
-16.180339887498945
-16.88655851004026
-17.526133600877266
-18.09654104932035
-18.595529717765015
-19.02113032590308
-19.37166322257261
-19.645745014573748
-19.842294026289565
-19.960534568565432
-20.0
-19.960534568565432
-19.84229402628955
-19.64574501457378
-19.37166322257265
-19.021130325903084
-18.595529717765018
-18.096541049320415
-17.526133600877266
-16.886558510040338
-16.180339887498953
-15.410264855515745
-14.579372548428243
-13.690942118573844
-12.74847979497382
-11.755705045849435
-10.71653589957997
-9.63507348203429
-8.51558583130138
-7.362491053693557
-6.180339887499019
-4.973797743297106
-3.74762629171458
-2.5066646712861096
-1.2558103905862286
-3.9188697572715304e-14
1.2558103905861504
2.506664671286032
3.7476262917143632
4.973797743297167
6.180339887498945
7.362491053693615
8.515585831301436
9.63507348203422
10.716535899579904
11.755705045849375
12.748479794973758
13.690942118573785
14.579372548428287
15.410264855515788
16.180339887498988
16.886558510040295
17.52613360087723
18.09654104932038
18.59552971776499
19.021130325903016
19.37166322257263
19.64574501457379
19.842294026289558
19.96053456856543
20.0
19.960534568565436
19.84229402628958
19.64574501457379
19.371663222572593
19.021130325903062
18.595529717765046
18.096541049320383
17.5261336008773
16.886558510040302
16.180339887498995
15.410264855515884
14.579372548428196
13.690942118573691
12.748479794973766
11.755705045849496
10.716535899579913
9.635073482034354
8.515585831301575
7.362491053693624
6.180339887499089
4.973797743297039
3.7476262917145124
2.506664671286041
1.2558103905863018
-2.941628240500001e-14
-1.2558103905862188
-2.506664671285959
-3.7476262917144303
-4.973797743297234
-6.18033988749901
-7.362491053693546
-8.515585831301498
-9.635073482034281
-10.716535899579842
-11.75570504584943
-12.7484797949737
-13.690942118573837
-14.579372548428235
-15.41026485551583
-16.180339887498945
-16.886558510040256
-17.52613360087726
-18.09654104932035
-18.595529717765015
-19.02113032590308
-19.371663222572646
-19.645745014573777
-19.842294026289565
-19.960534568565432
-20.0
-19.960534568565432
-19.84229402628957
-19.645745014573805
-19.371663222572614
-19.02113032590304
-18.59552971776502
-18.096541049320415
-17.52613360087727
-16.886558510040338
-16.180339887499034
-15.410264855515837
-14.579372548428148
-13.690942118573744
-12.748479794973822
-11.75570504584944
-10.716535899579975
-9.635073482034294
-8.515585831301513
-7.3624910536936925
-6.180339887498889
-4.9737977432969736
-3.747626291714445
-2.5066646712861145
-1.2558103905862334
-4.4087284769304716e-14
1.2558103905861453
2.506664671286027
3.7476262917143583
4.973797743297163
6.18033988749894
7.362491053693611
8.515585831301433
9.635073482034217
10.716535899579899
11.75570504584937
12.748479794973754
13.690942118573783
14.579372548428282
15.410264855515782
16.180339887498985
16.88655851004029
17.526133600877223
18.09654104932038
18.595529717764986
19.0211303259031
19.37166322257263
19.64574501457379
19.842294026289558
19.96053456856543
20.0
19.96053456856544
19.84229402628958
19.64574501457379
19.371663222572597
19.021130325903066
18.595529717765046
18.096541049320386
17.526133600877305
16.886558510040302
16.180339887498995
15.410264855515887
14.579372548428198
13.690942118573693
12.74847979497377
11.755705045849501
10.716535899579917
9.63507348203436
8.515585831301578
7.3624910536936286
6.180339887498824
4.973797743297045
3.747626291714517
2.506664671286046
1.255810390586307
1.1759085194360943e-13
-1.255810390586214
-2.506664671285954
-3.747626291714426
-4.973797743297229
-6.180339887499006
-7.3624910536935415
-8.515585831301495
-9.635073482034276
-10.716535899579839
-11.755705045849425
-12.748479794973697
-13.690942118573833
-14.579372548428234
-15.410264855515827
-16.180339887498942
-16.886558510040253
-17.52613360087726
-18.096541049320347
-18.595529717765015
-19.02113032590308
-19.371663222572643
-19.645745014573773
-19.842294026289565
-19.960534568565432
-20.0
-19.960534568565432
-19.84229402628957
-19.645745014573805
-19.371663222572614
-19.02113032590304
-18.59552971776502
-18.096541049320418
-17.526133600877273
-16.886558510040345
-16.18033988749904
-15.410264855515843
-14.57937254842815
-13.690942118573746
-12.748479794973825
-11.755705045849446
-10.71653589957998
-9.635073482034299
-8.515585831301516
-7.362491053693697
-6.180339887498894
-4.973797743296978
-3.74762629171445
-2.50666467128612
-1.2558103905862383
