0.0
5.877852522924732
9.510565162951535
9.510565162951535
5.877852522924733
1.2246467991473533e-15
-5.877852522924734
-9.510565162951535
-9.510565162951536
-5.877852522924734
-2.4492935982947065e-15
5.877852522924735
9.510565162951538
9.510565162951536
5.877852522924734
3.673940397442059e-15
-5.877852522924728
-9.51056516295154
-9.510565162951538
-5.8778525229247345
-4.898587196589413e-15
5.8778525229247265
9.51056516295154
9.510565162951533
5.877852522924721
6.123233995736766e-15
-5.877852522924726
-9.510565162951535
-9.510565162951538
-5.877852522924708
-7.347880794884118e-15
5.877852522924725
9.510565162951533
9.510565162951538
5.877852522924709
8.572527594031473e-15
-5.877852522924725
-9.510565162951533
-9.510565162951538
-5.8778525229247105
-9.797174393178826e-15
5.877852522924751
9.510565162951533
9.510565162951538
5.877852522924711
1.1021821192326179e-14
-5.877852522924751
-9.510565162951533
-9.51056516295153
-5.877852522924712
-1.2246467991473532e-14
5.8778525229247505
9.510565162951533
9.51056516295153
5.8778525229247425
4.899825157862589e-14
-5.87785252292472
-9.510565162951542
-9.510565162951519
-5.877852522924715
-1.4695761589768237e-14
5.877852522924748
9.510565162951531
9.51056516295153
5.877852522924743
-1.9606728399089415e-14
-5.877852522924718
-9.510565162951542
-9.510565162951519
-5.877852522924716
-1.7145055188062946e-14
5.877852522924746
9.51056516295153
9.51056516295153
5.877852522924746
5.3896838775215307e-14
-5.877852522924716
-9.51056516295154
-9.51056516295152
-5.877852522924718
-1.9594348786357652e-14
5.877852522924687
9.510565162951552
9.510565162951531
5.877852522924748
-1.4708141202500006e-14
-5.877852522924715
-9.51056516295154
-9.51056516295152
-5.87785252292472
-2.2043642384652358e-14
5.877852522924685
9.51056516295155
9.510565162951533
5.8778525229247505
5.879542597180471e-14
-5.87785252292477
-9.51056516295154
-9.51056516295152
-5.877852522924723
-2.4492935982947064e-14
5.8778525229247975
9.51056516295155
9.510565162951512
5.877852522924751
-9.809554005910593e-15
-5.877852522924768
-9.510565162951561
-9.510565162951544
-5.877852522924724
-9.799650315725178e-14
5.877852522924796
9.510565162951528
9.510565162951533
5.877852522924697
6.369401316839413e-14
-5.877852522924823
-9.510565162951538
-9.510565162951522
-5.877852522924783
-2.9391523179536473e-14
5.877852522924735
9.510565162951549
9.510565162951512
5.877852522924756
-4.91096680932118e-15
-5.877852522924764
-9.510565162951558
-9.510565162951545
-5.877852522924728
3.921345679817883e-14
5.877852522924791
9.510565162951526
9.510565162951535
5.8778525229247
6.859260036498355e-14
-5.877852522924819
-9.510565162951536
-9.510565162951524
-5.877852522924788
-3.429011037612589e-14
5.877852522924733
9.510565162951547
9.510565162951513
5.87785252292476
-1.2379612731767154e-17
-5.87785252292476
-9.510565162951558
-9.510565162951547
-5.877852522924733
-1.0779367755043061e-13
5.877852522924788
9.510565162951524
9.510565162951536
5.877852522924705
7.349118756157296e-14
-5.877852522924815
-9.510565162951535
-9.510565162951526
-5.877852522924791
-3.9188697572715304e-14
5.877852522924728
9.510565162951503
9.510565162951515
5.877852522924649
4.886207583857646e-15
-5.877852522924756
-9.510565162951512
-9.510565162951549
-5.877852522924622
2.941628240500001e-14
5.877852522924783
9.510565162951522
9.510565162951538
5.877852522924708
7.838977475816237e-14
-5.877852522924812
-9.51056516295149
-9.510565162951528
-5.87785252292468
-4.4087284769304716e-14
5.877852522924725
9.5105651629515
9.510565162951517
5.877852522924653
9.784794780447059e-15
-5.877852522924752
-9.510565162951512
-9.51056516295155
-5.877852522924625
-1.1759085194360943e-13
5.87785252292478
9.510565162951565
9.51056516295154
5.877852522924712
8.328836195475178e-14
-5.877852522924806
-9.510565162951576
-9.51056516295153
-5.877852522924685
-4.898587196589413e-14
5.87785252292472
9.510565162951586
9.510565162951519
5.877852522924657
1.567919291290565e-13
-5.877852522924862
-9.510565162951597
-9.510565162951552
-5.877852522924743
1.9619108011821187e-14
5.877852522924776
9.510565162951563
9.510565162951497
5.877852522924601
8.81869491513412e-14
-5.877852522924688
-9.510565162951618
-9.51056516295153
-5.877852522924688
-1.9599300631450355e-13
5.877852522924831
9.510565162951586
9.510565162951563
5.877852522924776
1.9581969173625883e-14
-5.877852522924743
-9.510565162951552
-9.510565162951508
-5.877852522924632
-1.2738802633678826e-13
5.877852522924657
9.510565162951606
9.510565162951542
5.87785252292472
-4.902301080408943e-14
-5.877852522924799
-9.510565162951574
-9.510565162951576
-5.877852522924577
-5.878304635907295e-14
5.877852522924712
9.51056516295154
9.51056516295152
5.877852522924664
1.6658910352223535e-13
-5.877852522924854
-9.510565162951593
-9.510565162951554
-5.877852522924751
9.82193361864236e-15
5.877852522924768
9.510565162951561
9.5105651629515
5.877852522924609
9.798412354452001e-14
-5.87785252292468
-9.510565162951615
-9.510565162951533
-5.877852522924696
7.842691359635766e-14
5.877852522924823
9.510565162951583
9.510565162951567
5.877852522924783
2.937914356680471e-14
-5.877852522924735
-9.510565162951549
-9.510565162951512
-5.87785252292464
-1.371852007299671e-13
5.877852522924649
9.510565162951604
9.510565162951545
5.877852522924728
-3.92258364109106e-14
-5.877852522924791
-9.51056516295157
-9.510565162951579
-5.877852522924586
-6.858022075225178e-14
5.877852522924705
9.510565162951536
9.510565162951524
5.877852522924672
1.7638627791541416e-13
-5.877852522924847
-9.510565162951591
-9.510565162951558
-5.87785252292476
2.475922546353431e-17
5.87785252292476
9.510565162951558
9.510565162951503
5.877852522924617
1.0778129793769885e-13
-5.877852522924672
-9.510565162951611
-9.510565162951536
-5.877852522924705
-2.1558735510086123e-13
5.877852522924815
9.510565162951579
9.51056516295157
5.877852522924791
3.917631795998353e-14
-5.877852522924728
-9.510565162951545
-9.510565162951515
-5.877852522924649
-1.469823751231459e-13
5.877852522924641
9.5105651629516
9.510565162951549
5.877852522924735
-2.942866201773178e-14
-5.877852522924783
-9.510565162951567
-9.510565162951583
-5.877852522924593
-7.837739514543061e-14
5.877852522924697
9.510565162951533
9.51056516295144
5.87785252292491
1.8618345230859298e-13
-5.877852522924839
-9.510565162951588
-9.510565162951472
-5.877852522924768
-9.772415167715291e-15
5.877852522924752
9.510565162951554
9.510565162951506
5.877852522924854
1.1757847233087766e-13
-5.877852522924664
-9.51056516295161
-9.510565162951451
-5.877852522924942
5.883256481000002e-14
5.877852522924808
9.510565162951576
9.510565162951485
5.877852522924799
4.897349235316236e-14
-5.87785252292472
-9.510565162951542
-9.510565162951519
-5.877852522924886
-1.5677954951632475e-13
5.877852522924632
9.510565162951597
9.510565162951464
5.877852522924973
-1.963148762455295e-14
-5.877852522924776
-9.510565162951563
-9.510565162951497
-5.877852522924831
-8.817456953860943e-14
5.877852522924688
9.51056516295153
9.510565162951442
5.877852522924918
1.959806267017718e-13
-5.877852522924831
-9.510565162951586
-9.510565162951476
-5.877852522924776
-1.9569589560894117e-14
5.877852522924743
9.510565162951552
9.510565162951508
5.877852522924862
1.273756467240565e-13
-5.877852522924657
-9.510565162951606
-9.510565162951455
-5.87785252292495
-2.3518170388721885e-13
5.877852522924799
9.510565162951574
9.510565162951487
5.877852522924577
5.877066674634119e-14
-5.877852522924712
-9.51056516295154
-9.51056516295152
-5.877852522924435
-1.6657672390950356e-13
5.877852522924625
9.510565162951593
9.510565162951467
5.877852522924521
-9.834313231374127e-15
-5.877852522924768
-9.510565162951561
-9.5105651629515
-5.877852522924609
-9.797174393178826e-14
5.87785252292468
9.510565162951528
9.510565162951446
5.877852522924466
2.0577780109495062e-13
-5.877852522924823
-9.510565162951583
-9.51056516295148
-5.877852522924324
-3.13583858258113e-13
5.877852522924735
9.510565162951636
9.510565162951512
5.87785252292441
-1.4704427318680477e-13
-5.877852522924649
-9.510565162951604
-9.510565162951545
-5.877852522924498
3.9238216023642374e-14
5.877852522924561
9.51056516295157
9.510565162951403
5.877852522924584
6.856784113952e-14
-5.877852522924934
-9.510565162951536
-9.510565162951437
-5.877852522924672
-1.763738983026824e-13
5.877852522924847
9.510565162951503
9.510565162951469
5.877852522924299
2.841799554658448e-13
-5.87785252292476
-9.510565162951645
-9.510565162951503
-5.877852522924387
-3.919860126290071e-13
5.877852522924672
9.510565162951611
9.510565162951536
5.877852522924475
-6.864211881591061e-14
-5.877852522924586
-9.510565162951579
-9.51056516295157
-5.877852522924561
-3.9163938347251766e-14
5.877852522924498
9.510565162951545
9.510565162951428
5.877852522924649
1.4696999551041415e-13
-5.877852522924871
-9.510565162951512
-9.510565162951462
-5.877852522924735
-2.547760526735765e-13
5.877852522924783
9.51056516295148
9.510565162951494
5.877852522924364
3.625821098367389e-13
-5.877852522924697
-9.510565162951622
-9.510565162951528
-5.87785252292445
9.804602160817887e-14
5.877852522924609
9.510565162951588
9.510565162951561
5.877852522924538
9.760035554983524e-15
-5.877852522924521
-9.510565162951554
-9.51056516295142
-5.877852522924625
-1.175660927181459e-13
5.877852522924894
9.51056516295152
9.510565162951451
5.877852522924712
2.2537214988130827e-13
-5.877852522924808
-9.510565162951487
-9.510565162951485
-5.877852522924339
-3.331782070444707e-13
5.87785252292472
9.510565162951629
9.510565162951519
5.877852522924427
-1.274499244004471e-13
-5.877852522924632
-9.510565162951597
-9.510565162951552
-5.877852522924513
